59,5
59,4
59,3
59,2
0,513
59,1
59,0
58,4
58,3
58,2
58,1
58,0
55,4
14,5
14,4
57,5
57,4
57,3
57,2
57,1
57,0
56,4
56,3
56,2
56,1
56,0
50,4
55,3
55,2
55,1
55,0
54,5
54,4
54,3
54,2
54,1
54,0
0,512
0,511
53,5
53,4
53,3
53,2
0,510
53,1
53,0
0,509
0,508
0,507
52,5
52,4
52,3
52,2
0,506
52,1
52,0
0,505
0,504
0,503
0,502
51,5
51,4
51,3
51,2
51,1
51,0
50,3
50,2
0,501
50,1
50,0
0,278
0,500
49,5
49,4
49,3
49,2
0,9
49,1
49,0
0,499
0,498
0,497
17,2
17,1
17,3
15,2
15,1
15,3
16,2
16,1
16,3
13,2
14,2
4,26
4,25
4,4
4,81
4,64
4,23
4,5
4,29
4,31
4,11
4,1
4,78
4,2
4,3
6,4
6,1
6,5
6,2
6,3
7,8
7,7
7,4
7,13
7,6
7,5
7,1
7,9
7,2
7,3
5,4
5,2
5,1
5,3
33,1
33,3
35,1
35,3
28,3
0,273
0,270
